unknown	gi|322789341|gb|EFZ14653.1|	92.53	281	17	3	2	279	1	280	0.0	  517
unknown	gi|307212271|gb|EFN88079.1|	91.76	279	19	3	2	277	31	308	0.0	  512
unknown	gi|332027958|gb|EGI68009.1|	89.20	287	24	4	1	281	3	288	2e-177	  503
unknown	gi|340719952|ref|XP_003398408.1|	88.65	282	28	3	1	279	3	283	3e-177	  502
unknown	gi|340719954|ref|XP_003398409.1|	88.26	281	29	3	3	280	87	366	7e-175	  499
unknown	gi|328782051|ref|XP_392583.3|	88.04	276	29	3	1	273	3	277	7e-171	  486
unknown	gi|380019808|ref|XP_003693793.1|	88.04	276	29	3	1	273	3	277	9e-171	  486
unknown	gi|572268850|ref|XP_006612458.1|	87.32	276	31	3	1	273	8	282	3e-169	  482
unknown	gi|571552441|ref|XP_006562413.1|	87.32	276	31	3	1	273	8	282	3e-169	  482
unknown	gi|345483165|ref|XP_001607572.2|	76.63	291	48	3	2	282	5	285	6e-153	  440
unknown	gi|383862431|ref|XP_003706687.1|	88.04	276	29	3	1	273	3	277	7e-151	  435
unknown	gi|307185030|gb|EFN71259.1|	88.89	234	21	3	49	280	1	231	5e-144	  416
unknown	gi|571552448|ref|XP_006562414.1|	86.84	228	26	3	49	273	23	249	3e-135	  394
unknown	gi|571552452|ref|XP_006562415.1|	86.67	225	26	3	52	273	1	224	2e-133	  389
